hidden_dim: 64
dropout_clf: 0.2373487025054704
lr_backbone: 0.0002952032936554093
lr_head: 0.0011633185649566008
weight_decay: 0.0031768336336439134
