hidden_dim: 64
dropout_clf: 0.379597545259111
lr_head: 0.0001700037298921101
weight_decay: 0.00020511104188433984
