hidden_dim: 64
dropout_clf: 0.24174881828553668
lr_late: 0.0004985284469502765
lr_head: 0.0016797038833162665
weight_decay: 0.00010220690547060632
