hidden_dim: 128
dropout_clf: 0.2385716210256243
lr: 0.0006177349610683533
weight_decay: 0.00023257084201410458
